1.9
2.91
3.08
3.2
4.88
5.03
5.16
5.66
6.17
14.98
18.81
19.35
20.7
20.78
21.24
23.42
25.16
27.45
32.38
34.51
35.95
36.98
38.14
38.26
41.15
41.46
46.14
47.37
47.43
49.94
53.27
53.38
54.1
55.08
55.45
56.26
57.01
57.05
58.05
58.84
61.82
65.35
66.23
67.45
67.51
68.45
69.09
69.36
69.55
70.69
72.57
73.66
76.4
77.69
79.88
81.46
82.28
83.11
83.21
83.68
83.87
84.54
85.52
85.91
86.01
89.55
89.66
89.99
91.43
93.75
93.86
94.46
94.83
97.19
101.16
102.14
104.29
106.07
106.38
108.71
109.19
110.0
110.16
110.65
115.11
115.29
115.82
117.28
119.54
119.74
119.74
122.29
122.9
124.33
124.54
127.74
129.07
130.66
131.35
132.75
133.22
134.42
135.65
136.14
136.14
136.14
136.64
136.64
137.14
138.41
139.45
140.5
141.3
141.3
141.56
141.83
142.1
142.1
145.14
145.71
145.99
147.44
148.61
150.1
150.4
150.71
151.01
151.62
151.62
152.24
153.49
153.81
153.81
155.73
159.05
159.73
160.07
161.1
163.57
166.11
166.11
170.66
171.05
173.43
174.64
175.46
176.29
176.7
177.54
182.74
183.19
184.09
185.0
185.46
185.46
186.85
187.31
187.31
190.65
192.61
192.61
194.11
194.61
195.12
196.14
196.14
196.14
199.8
199.8
204.15
204.71
205.84
206.4
209.28
212.85
217.16
218.43
219.71
219.71
222.31
222.31
222.31
223.64
225.65
227.02
228.4
229.8
233.37
234.83
235.57
235.57
236.31
237.06
239.32
240.09
241.63
242.41
242.41
243.2
243.99
245.59
248.02
248.02
248.84
248.84
250.5
253.03
253.03
253.89
254.75
254.75
255.62
260.94
260.94
260.94
261.85
262.77
264.62
268.4
268.4
271.31
272.29
273.28
277.32
279.38
279.38
280.42
280.42
281.47
283.59
284.67
286.84
289.05
290.16
292.42
294.71
295.87
297.04
297.04
298.22
298.22
299.4
300.6
301.81
301.81
303.02
304.25
304.25
311.82
311.82
313.12
315.74
317.08
318.42
318.42
319.77
321.14
322.51
323.9
323.9
325.3
325.3
325.3
326.71
328.14
332.49
335.45
338.47
340.0
340.0
340.0
341.54
341.54
341.54
343.1
343.1
344.67
344.67
347.86
352.75
352.75
354.41
354.41
354.41
356.08
356.08
357.78
357.78
357.78
359.49
359.49
361.21
364.71
364.71
370.09
371.92
373.76
375.63
375.63
379.41
379.41
383.27
383.27
383.27
383.27
385.23
385.23
385.23
393.28
393.28
397.43
399.54
401.67
401.67
406.0
406.0
406.0
408.2
408.2
408.2
408.2
410.42
410.42
412.67
412.67
417.24
417.24
421.92
421.92
424.29
424.29
426.69
426.69
426.69
429.12
429.12
429.12
429.12
429.12
431.58
434.07
434.07
434.07
436.58
436.58
439.13
439.13
439.13
444.31
444.31
444.31
444.31
446.94
446.94
446.94
449.61
452.31
452.31
455.04
455.04
457.8
457.8
460.6
463.43
466.3
469.2
469.2
472.14
475.11
475.11
475.11
481.18
481.18
484.27
484.27
487.4
487.4
490.57
490.57
490.57
493.78
493.78
493.78
497.04
497.04
497.04
500.34
503.68
503.68
510.5
510.5
510.5
513.98
513.98
513.98
517.51
521.08
521.08
524.71
524.71
524.71
524.71
528.38
532.11
535.89
539.73
539.73
539.73
539.73
543.62
543.62
543.62
543.62
547.57
547.57
547.57
547.57
551.57
551.57
551.57
551.57
551.57
559.76
563.94
563.94
563.94
563.94
568.19
568.19
568.19
572.5
572.5
572.5
576.88
576.88
576.88
576.88
576.88
576.88
576.88
581.32
581.32
581.32
581.32
581.32
585.84
585.84
585.84
590.42
590.42
595.08
595.08
595.08
599.81
604.62
604.62
604.62
609.5
609.5
614.46
614.46
619.51
619.51
619.51
619.51
624.64
624.64
624.64
624.64
624.64
629.85
629.85
629.85
629.85
635.15
640.54
640.54
640.54
640.54
640.54
646.03
646.03
646.03
651.6
657.28
663.05
663.05
663.05
663.05
663.05
663.05
668.93
668.93
668.93
668.93
668.93
674.91
674.91
674.91
674.91
681.0
681.0
681.0
681.0
681.0
681.0
681.0
687.2
687.2
687.2
687.2
687.2
687.2
687.2
693.51
693.51
693.51
693.51
693.51
693.51
693.51
693.51
699.94
699.94
699.94
699.94
706.5
706.5
706.5
706.5
706.5
706.5
706.5
706.5
713.17
713.17
713.17
713.17
713.17
719.97
719.97
719.97
719.97
719.97
719.97
726.9
726.9
726.9
726.9
726.9
733.97
733.97
733.97
733.97
733.97
733.97
741.18
741.18
741.18
741.18
748.52
748.52
756.02
756.02
756.02
756.02
756.02
756.02
756.02
763.67
763.67
763.67
771.47
771.47
771.47
771.47
771.47
779.43
779.43
779.43
779.43
779.43
779.43
779.43
787.56
787.56
787.56
787.56
787.56
787.56
795.86
795.86
795.86
795.86
795.86
795.86
795.86
804.34
804.34
804.34
804.34
813.0
813.0
813.0
813.0
813.0
813.0
813.0
821.85
821.85
821.85
821.85
821.85
830.89
830.89
830.89
830.89
830.89
840.13
840.13
840.13
840.13
840.13
840.13
840.13
840.13
840.13
840.13
849.58
849.58
859.25
859.25
859.25
859.25
859.25
859.25
859.25
859.25
859.25
859.25
859.25
859.25
869.14
869.14
869.14
869.14
869.14
869.14
869.14
879.26
879.26
879.26
879.26
889.61
889.61
889.61
889.61
900.21
900.21
900.21
900.21
900.21
900.21
911.07
911.07
922.2
922.2
922.2
922.2
922.2
922.2
933.59
933.59
933.59
933.59
933.59
933.59
945.27
945.27
945.27
957.25
957.25
957.25
957.25
957.25
957.25
957.25
957.25
957.25
957.25
969.54
982.14
982.14
982.14
982.14
982.14
982.14
982.14
982.14
982.14
982.14
982.14
982.14
982.14
995.08
995.08
995.08
995.08
995.08
995.08
995.08
1008.36
1008.36
1008.36
1008.36
1008.36
1022.0
1022.0
1022.0
1022.0
1022.0
1022.0
1022.0
1036.01
1036.01
1036.01
1036.01
1036.01
1036.01
1036.01
1036.01
1050.42
1050.42
1050.42
1050.42
1050.42
1050.42
1050.42
1050.42
1050.42
1050.42
1050.42
1050.42
1050.42
1050.42
1050.42
1050.42
1050.42
1050.42
1050.42
1050.42
1065.23
1065.23
1065.23
1065.23
1065.23
1065.23
1065.23
1065.23
1080.46
1080.46
1080.46
1080.46
1080.46
1080.46
1080.46
1080.46
1080.46
1096.13
1096.13
1096.13
1096.13
1096.13
1096.13
1096.13
1112.26
1112.26
1112.26
1112.26
1112.26
1112.26
1112.26
1112.26
1112.26
1112.26
1112.26
1112.26
1128.88
1128.88
1128.88
1128.88
1128.88
1128.88
1128.88
1128.88
1146.0
1146.0
1146.0
1146.0
1146.0
1146.0
1146.0
1146.0
1146.0
1146.0
1146.0
1146.0
1163.65
1163.65
1163.65
1163.65
1163.65
1163.65
1163.65
1181.84
1181.84
1181.84
1181.84
1181.84
1181.84
1181.84
1181.84
1181.84
1200.62
1200.62
1200.62
1200.62
1200.62
1200.62
1200.62
1200.62
1200.62
1200.62
1220.0
1220.0
1220.0
1220.0
1220.0
1220.0
1220.0
1220.0
1240.02
1240.02
1240.02
1240.02
1240.02
1240.02
1240.02
1240.02
1240.02
1240.02
1240.02
1240.02
1240.02
1260.7
1260.7
1260.7
1260.7
1260.7
1260.7
1260.7
1260.7
1282.08
1282.08
1282.08
1282.08
1282.08
1282.08
1282.08
1282.08
1282.08
1282.08
1282.08
1282.08
1282.08
1282.08
1282.08
1282.08
1282.08
1282.08
1282.08
1304.21
1304.21
1304.21
1304.21
1304.21
1304.21
1304.21
1304.21
1304.21
1304.21
1327.11
1327.11
1327.11
1327.11
1327.11
1327.11
1327.11
1350.82
1350.82
1350.82
1350.82
1350.82
1350.82
1350.82
1350.82
1350.82
1350.82
1350.82
1350.82
1350.82
1350.82
1375.4
1375.4
1375.4
1375.4
1375.4
1375.4
1375.4
1375.4
1375.4
1375.4
1375.4
1375.4
1375.4
1375.4
1375.4
1375.4
1375.4
1400.89
1400.89
1400.89
1400.89
1400.89
1400.89
1400.89
1400.89
1400.89
1400.89
1400.89
1400.89
1400.89
1400.89
1400.89
1400.89
1400.89
1400.89
1427.34
1427.34
1427.34
1427.34
1427.34
1427.34
1427.34
1427.34
1427.34
1427.34
1454.81
1454.81
1454.81
1454.81
1454.81
1454.81
1454.81
1454.81
1454.81
1454.81
1454.81
1454.81
1483.35
1483.35
1483.35
1483.35
1483.35
1483.35
1483.35
1483.35
1483.35
1483.35
1483.35
1483.35
1513.04
1513.04
1513.04
1513.04
1513.04
1513.04
1513.04
1513.04
1513.04
1513.04
1513.04
1513.04
1513.04
1513.04
1513.04
1513.04
1543.94
1543.94
1543.94
1543.94
1543.94
1543.94
1543.94
1543.94
1543.94
1543.94
1543.94
1543.94
1543.94
1543.94
1543.94
1576.12
1576.12
1576.12
1576.12
1576.12
1576.12
1576.12
1576.12
1576.12
1576.12
1576.12
1609.68
1609.68
1609.68
1609.68
1609.68
1609.68
1609.68
1609.68
1609.68
1609.68
1609.68
1609.68
1644.7
1644.7
1644.7
1644.7
1644.7
1644.7
1644.7
1644.7
1644.7
1644.7
1644.7
1644.7
1644.7
1644.7
1681.27
1681.27
1681.27
1681.27
1681.27
1681.27
1681.27
1719.5
1719.5
1719.5
1719.5
1719.5
1719.5
1719.5
1719.5
1719.5
1719.5
1719.5
1759.51
1759.51
1759.51
1759.51
1759.51
1759.51
1759.51
1759.51
1759.51
1759.51
1759.51
1759.51
1759.51
1759.51
1759.51
1759.51
1801.43
1801.43
1801.43
1801.43
1801.43
1801.43
1801.43
1801.43
1801.43
1801.43
1801.43
1801.43
1801.43
1801.43
1801.43
1801.43
1801.43
1801.43
1845.39
1845.39
1845.39
1845.39
1845.39
1845.39
1845.39
1845.39
1845.39
1845.39
1845.39
1845.39
1845.39
1845.39
1891.55
1891.55
1891.55
1891.55
1891.55
1891.55
1891.55
1891.55
1891.55
1891.55
1891.55
1891.55
1891.55
1891.55
1891.55
1891.55
1891.55
1891.55
1891.55
1891.55
1891.55
1940.08
1940.08
1940.08
1940.08
1940.08
1940.08
1940.08
1940.08
1940.08
1940.08
1940.08
1940.08
1940.08
1940.08
1940.08
1940.08
1940.08
1940.08
1991.16
1991.16
1991.16
1991.16
1991.16
1991.16
1991.16
1991.16
1991.16
1991.16
1991.16
1991.16
1991.16
1991.16
1991.16
1991.16
1991.16
1991.16
1991.16
1991.16
1991.16
1991.16
2045.0
2045.0
2045.0
2045.0
2045.0
2045.0
2045.0
2045.0
2045.0
2045.0
2045.0
2045.0
2045.0
2045.0
2045.0
2045.0
2045.0
2045.0
2045.0
2045.0
2045.0
2101.83
2101.83
2101.83
2101.83
2101.83
2101.83
2101.83
2101.83
2101.83
2101.83
2101.83
2101.83
2101.83
2101.83
2101.83
2101.83
2101.83
2101.83
2101.83
2101.83
2101.83
2101.83
2101.83
2161.91
2161.91
2161.91
2161.91
2161.91
2161.91
2161.91
2161.91
2161.91
2161.91
2161.91
2161.91
2161.91
2161.91
2161.91
2161.91
2161.91
2161.91
2161.91
2161.91
2161.91
2161.91
2225.53
2225.53
2225.53
2225.53
2225.53
2225.53
2225.53
2225.53
2225.53
2225.53
2225.53
2225.53
2225.53
2225.53
2225.53
2225.53
2225.53
2225.53
2225.53
2225.53
2225.53
2293.0
2293.0
2293.0
2293.0
2293.0
2293.0
2293.0
2293.0
2293.0
2293.0
2293.0
2293.0
2293.0
2293.0
2293.0
2293.0
2293.0
2293.0
2293.0
2293.0
2293.0
2293.0
2293.0
2293.0
2293.0
2293.0
2364.69
2364.69
2364.69
2364.69
2364.69
2364.69
2364.69
2364.69
2364.69
2364.69
2364.69
2364.69
2364.69
2364.69
2364.69
2364.69
2364.69
2364.69
2364.69
2441.0
2441.0
2441.0
2441.0
2441.0
2441.0
2441.0
2441.0
2441.0
2441.0
2441.0
2441.0
2441.0
2441.0
2441.0
2441.0
2441.0
2441.0
2441.0
2441.0
2441.0
2441.0
2441.0
2441.0
2441.0
2441.0
2522.4
2522.4
2522.4
2522.4
2522.4
2522.4
2522.4
2522.4
2522.4
2522.4
2522.4
2522.4
2522.4
2522.4
2522.4
2522.4
2522.4
2522.4
2522.4
2522.4
2522.4
2522.4
2522.4
2609.41
2609.41
2609.41
2609.41
2609.41
2609.41
2609.41
2609.41
2609.41
2609.41
2609.41
2609.41
2609.41
2609.41
2609.41
2609.41
2609.41
2609.41
2609.41
2609.41
2609.41
2609.41
2609.41
2609.41
2609.41
2609.41
2609.41
2609.41
2609.41
2609.41
2702.64
2702.64
2702.64
2702.64
2702.64
2702.64
2702.64
2702.64
2702.64
2702.64
2702.64
2702.64
2702.64
2702.64
2702.64
2702.64
2702.64
2702.64
2702.64
2702.64
2702.64
2702.64
2702.64
2702.64
2702.64
2702.64
2702.64
2702.64
2702.64
2702.64
2702.64
2702.64
2702.64
2702.64
2702.64
2702.64
2702.64
2702.64
2702.64
2702.64
2702.64
2802.78
2802.78
2802.78
2802.78
2802.78
2802.78
2802.78
2802.78
2802.78
2802.78
2802.78
2802.78
2802.78
2802.78
2802.78
2802.78
2802.78
2802.78
2802.78
2802.78
2802.78
2802.78
2802.78
2802.78
2802.78
2802.78
2802.78
2802.78
2802.78
2802.78
2802.78
2802.78
2802.78
2802.78
2802.78
2802.78
2802.78
2802.78
2802.78
2802.78
2910.62
2910.62
2910.62
2910.62
2910.62
2910.62
2910.62
2910.62
2910.62
2910.62
2910.62
2910.62
2910.62
2910.62
2910.62
2910.62
2910.62
2910.62
2910.62
2910.62
2910.62
2910.62
2910.62
2910.62
2910.62
2910.62
2910.62
2910.62
2910.62
2910.62
2910.62
2910.62
3027.08
3027.08
3027.08
3027.08
3027.08
3027.08
3027.08
3027.08
3027.08
3027.08
3027.08
3027.08
3027.08
3027.08
3027.08
3027.08
3027.08
3027.08
3027.08
3027.08
3027.08
3027.08
3027.08
3027.08
3027.08
3027.08
3027.08
3153.25
3153.25
3153.25
3153.25
3153.25
3153.25
3153.25
3153.25
3153.25
3153.25
3153.25
3153.25
3153.25
3153.25
3153.25
3153.25
3153.25
3153.25
3153.25
3153.25
3153.25
3153.25
3153.25
3153.25
3153.25
3153.25
3153.25
3153.25
3153.25
3153.25
3153.25
3153.25
3153.25
3153.25
3153.25
3290.39
3290.39
3290.39
3290.39
3290.39
3290.39
3290.39
3290.39
3290.39
3290.39
3290.39
3290.39
3290.39
3290.39
3290.39
3290.39
3290.39
3290.39
3290.39
3290.39
3290.39
3290.39
3290.39
3290.39
3290.39
3290.39
3290.39
3290.39
3290.39
3290.39
3290.39
3290.39
3290.39
3290.39
3440.0
3440.0
3440.0
3440.0
3440.0
3440.0
3440.0
3440.0
3440.0
3440.0
3440.0
3440.0
3440.0
3440.0
3440.0
3440.0
3440.0
3440.0
3440.0
3440.0
3440.0
3440.0
3440.0
3440.0
3440.0
3440.0
3440.0
3440.0
3440.0
3440.0
3440.0
3440.0
3440.0
3440.0
3440.0
3440.0
3440.0
3440.0
3440.0
3440.0
3440.0
3440.0
3440.0
3440.0
3440.0
3440.0
3603.86
3603.86
3603.86
3603.86
3603.86
3603.86
3603.86
3603.86
3603.86
3603.86
3603.86
3603.86
3603.86
3603.86
3603.86
3603.86
3603.86
3603.86
3603.86
3603.86
3603.86
3603.86
3603.86
3603.86
3603.86
3603.86
3603.86
3603.86
3603.86
3603.86
3603.86
3603.86
3603.86
3603.86
3603.86
3603.86
3603.86
3603.86
3603.86
3603.86
3603.86
3603.86
3603.86
3603.86
3603.86
3603.86
3603.86
3603.86
3603.86
3603.86
3603.86
3603.86
3784.1
3784.1
3784.1
3784.1
3784.1
3784.1
3784.1
3784.1
3784.1
3784.1
3784.1
3784.1
3784.1
3784.1
3784.1
3784.1
3784.1
3784.1
3784.1
3784.1
3784.1
3784.1
3784.1
3784.1
3784.1
3784.1
3784.1
3784.1
3784.1
3784.1
3784.1
3784.1
3784.1
3784.1
3784.1
3784.1
3784.1
3784.1
3784.1
3784.1
3784.1
3784.1
3784.1
3784.1
3784.1
3784.1
3784.1
3983.32
3983.32
3983.32
3983.32
3983.32
3983.32
3983.32
3983.32
3983.32
3983.32
3983.32
3983.32
3983.32
3983.32
3983.32
3983.32
3983.32
3983.32
3983.32
3983.32
3983.32
3983.32
3983.32
3983.32
3983.32
3983.32
3983.32
3983.32
3983.32
3983.32
3983.32
3983.32
3983.32
3983.32
3983.32
3983.32
3983.32
3983.32
3983.32
3983.32
3983.32
3983.32
3983.32
3983.32
3983.32
3983.32
3983.32
4204.67
4204.67
4204.67
4204.67
4204.67
4204.67
4204.67
4204.67
4204.67
4204.67
4204.67
4204.67
4204.67
4204.67
4204.67
4204.67
4204.67
4204.67
4204.67
4204.67
4204.67
4204.67
4204.67
4204.67
4204.67
4204.67
4204.67
4204.67
4204.67
4204.67
4204.67
4204.67
4204.67
4204.67
4204.67
4204.67
4204.67
4204.67
4204.67
4204.67
4204.67
4204.67
4204.67
4204.67
4204.67
4204.67
4204.67
4204.67
4204.67
4204.67
4204.67
4452.06
4452.06
4452.06
4452.06
4452.06
4452.06
4452.06
4452.06
4452.06
4452.06
4452.06
4452.06
4452.06
4452.06
4452.06
4452.06
4452.06
4452.06
4452.06
4452.06
4452.06
4452.06
4452.06
4452.06
4452.06
4452.06
4452.06
4452.06
4452.06
4452.06
4452.06
4452.06
4452.06
4452.06
4452.06
4452.06
4452.06
4452.06
4452.06
4452.06
4452.06
4452.06
4452.06
4452.06
4452.06
4452.06
4452.06
4452.06
4452.06
4452.06
4452.06
4452.06
4452.06
4452.06
4730.38
4730.38
4730.38
4730.38
4730.38
4730.38
4730.38
4730.38
4730.38
4730.38
4730.38
4730.38
4730.38
4730.38
4730.38
4730.38
4730.38
4730.38
4730.38
4730.38
4730.38
4730.38
4730.38
4730.38
4730.38
4730.38
4730.38
4730.38
4730.38
4730.38
4730.38
4730.38
4730.38
4730.38
4730.38
4730.38
4730.38
4730.38
4730.38
4730.38
4730.38
4730.38
4730.38
4730.38
4730.38
4730.38
4730.38
4730.38
4730.38
4730.38
4730.38
4730.38
4730.38
4730.38
4730.38
4730.38
4730.38
4730.38
4730.38
4730.38
4730.38
4730.38
4730.38
4730.38
4730.38
4730.38
5045.8
5045.8
5045.8
5045.8
5045.8
5045.8
5045.8
5045.8
5045.8
5045.8
5045.8
5045.8
5045.8
5045.8
5045.8
5045.8
5045.8
5045.8
5045.8
5045.8
5045.8
5045.8
5045.8
5045.8
5045.8
5045.8
5045.8
5045.8
5045.8
5045.8
5045.8
5045.8
5045.8
5045.8
5045.8
5045.8
5045.8
5045.8
5045.8
5045.8
5045.8
